26
-1.07771 -9.34714 -127.638
0.346046 -39.3464 -19.4322
3.19357 -80.2104 98.74
-24.7694 -107.8 225.455
18.6172 -107.439 308.745
87.1955 -109.964 402.713
182.378 -109.379 456.816
263.03 -126.841 584.243
179.661 -144.238 714.498
102.857 -149.033 826.282
140.632 -149.817 931.664
256.488 -146.668 958.728
383.845 -142.144 957.975
484.236 -143.977 1068.94
465.03 -150.154 1178.98
338.489 -148.426 1224.94
308.58 -161.901 1359.48
379.066 -174.702 1446.33
493.679 -177.839 1465.55
604.733 -209.186 1481.92
667.685 -246.372 1529.9
689.897 -254.456 1633.39
759.27 -242.486 1680.79
785.897 -297.341 1776.28
759.589 -322.885 1900.01
828.975 -317.499 1970.27
